,Normal p_value,Malignant p_value,One-way ANOVA,Mean healthy,Mean malignant,Median health,Median malignant
radius_mean,0.804726260942059,1.286172249506454e-16,8.465940572263339e-96,12.146523809523808,17.462830188679245,12.2,17.325000000000003
texture_mean,2.0747319708397972e-12,4.685882796961145e-10,4.0586360478986136e-25,17.914761904761903,21.60490566037736,17.39,21.46
perimeter_mean,0.8784803023480149,3.595463394731772e-18,8.43625103617395e-101,78.075406162465,115.36537735849056,78.18,114.2
area_mean,0.01612159917258565,2.3860403182400484e-42,4.734564310307994e-88,462.7901960784313,978.3764150943397,458.4,932.0
smoothness_mean,1.4409281708062877e-09,6.925619033400491e-07,1.051850359203376e-18,0.09247764705882354,0.10289849056603775,0.09076,0.1022
compactness_mean,2.1239361952284463e-18,2.7333433490329536e-25,3.938263105887557e-56,0.0800846218487395,0.14518778301886792,0.07529,0.13235
concavity_mean,1.3626341955005672e-66,1.8706515779247436e-31,9.966555755074321e-84,0.04605762100840336,0.16077471698113208,0.03709,0.15134999999999998
concave points_mean,3.8144486378555674e-11,1.120700717286823e-22,7.101150161059557e-116,0.025717406162464984,0.08799,0.02344,0.08628
symmetry_mean,3.646971559933942e-08,1.5898397363101805e-13,5.73338402846732e-16,0.1741859943977591,0.1929089622641509,0.1714,0.1899
fractal_dimension_mean,3.0916476842873527e-29,1.4280298636963606e-32,0.7599368037255626,0.0628673949579832,0.06268009433962264,0.06154,0.061575000000000005
radius_worst,0.818461535275802,1.1932484193696656e-20,8.482291921685478e-116,13.37980112044818,21.134811320754718,13.35,20.59
texture_worst,5.464778931787253e-07,1.1007610762075063e-05,1.0780574879494634e-30,23.51507002801121,29.318207547169813,22.82,28.945
perimeter_worst,0.6609581593504018,1.0795897623829055e-21,5.771397139670168e-119,87.00593837535013,141.37033018867925,86.92,138.0
area_worst,0.014742964828221588,3.8349073670520574e-49,2.8288477042872213e-97,558.8994397759103,1422.2863207547173,547.4,1303.0
smoothness_worst,0.011427806847774615,4.141402593544656e-05,6.575143633984739e-26,0.12495949579831933,0.1448452358490566,0.1254,0.14345
compactness_worst,2.2621244754014207e-15,1.3640836264500345e-36,7.069816352539104e-55,0.18267254901960786,0.37482410377358494,0.1698,0.35635
concavity_worst,1.0417551119852267e-50,3.095891935387191e-24,2.464663956782974e-72,0.16623772268907563,0.4506055660377358,0.1412,0.4049
concave points_worst,0.5721868285986684,4.744301759090309e-08,1.9690997072166915e-124,0.07444434453781512,0.1822373113207547,0.07431,0.182
symmetry_worst,0.09919922756120476,1.286912411671778e-39,2.9511205771542106e-25,0.27024593837535016,0.32346792452830186,0.2687,0.3103
fractal_dimension_worst,2.4096588446411754e-23,8.840764735694928e-47,2.31643244998312e-15,0.07944207282913165,0.09152995283018868,0.07712,0.08760000000000001
